YYYYMMDD	   TG	    Q	   RH
20160101	41	176	0
20160102	54	86	33
20160103	69	176	88
20160104	57	71	112
20160105	68	90	3
20160106	26	119	5
20160107	61	50	108
20160108	54	369	0
20160109	56	165	3
20160110	69	272	43
20160111	48	73	19
20160112	58	226	104
20160113	50	162	28
20160114	35	121	134
20160115	24	162	-1
20160116	27	289	16
20160117	-10	471	-1
20160118	-33	553	0
20160119	-25	289	-1
20160120	12	225	-1
20160121	-12	103	0
20160122	9	350	41
20160123	66	377	0
20160124	77	59	22
20160125	107	457	0
20160126	92	349	21
20160127	109	74	131
20160128	67	561	2
20160129	85	81	19
20160130	74	76	187
20160131	68	222	45
20160201	115	201	5
20160202	89	257	2
20160203	50	403	43
20160204	51	160	34
20160205	87	214	8
20160206	94	193	1
20160207	85	419	37
20160208	85	445	110
20160209	53	108	88
20160210	48	413	57
20160211	38	573	2
20160212	27	507	-1
20160213	18	555	5
20160214	14	151	146
20160215	23	654	1
20160216	-3	957	0
20160217	-13	871	0
20160218	13	293	13
20160219	39	659	5
20160220	82	209	90
20160221	104	139	83
20160222	68	245	35
20160223	43	678	33
20160224	23	687	4
20160225	18	680	19
20160226	21	419	0
20160227	22	1091	0
20160228	22	1065	0
20160229	13	1165	0
20160301	20	273	61
20160302	53	652	68
20160303	39	1006	8
20160304	10	169	125
20160305	5	770	2
20160306	30	650	17
20160307	25	831	25
20160308	36	889	-1
20160309	44	858	0
20160310	41	1209	0
20160311	32	1300	0
20160312	31	1386	0
20160313	39	1459	0
20160314	41	1476	0
20160315	46	427	0
20160316	44	1399	0
20160317	57	1525	0
20160318	52	321	-1
20160319	62	583	0
20160320	68	731	7
20160321	72	438	12
20160322	76	579	1
20160323	76	800	3
20160324	79	459	1
20160325	65	468	44
20160326	95	1626	0
20160327	91	890	73
20160328	97	1161	9
20160329	78	700	83
20160330	81	1394	12
20160331	76	939	0
20160401	72	1836	0
20160402	101	960	-1
20160403	152	1302	97
20160404	124	1040	63
20160405	106	751	14
20160406	89	627	41
20160407	73	1145	41
20160408	67	779	22
20160409	92	1593	0
20160410	107	1993	17
20160411	132	2081	-1
20160412	116	1612	30
20160413	90	1628	0
20160414	106	1625	0
20160415	103	736	101
20160416	86	1362	7
20160417	62	1474	43
20160418	81	1475	-1
20160419	97	1720	0
20160420	86	2274	0
20160421	101	2331	0
20160422	87	1614	0
20160423	62	1693	30
20160424	46	1739	22
20160425	49	776	41
20160426	48	1150	119
20160427	60	1601	28
20160428	58	1726	10
20160429	74	1051	100
20160430	77	1663	0
20160501	79	2523	0
20160502	115	2203	1
20160503	97	2381	35
20160504	95	2059	0
20160505	128	2676	0
20160506	164	2601	0
20160507	195	2653	0
20160508	201	2663	0
20160509	202	2586	0
20160510	189	1247	-1
20160511	204	1986	-1
20160512	202	2432	0
20160513	154	2685	0
20160514	89	1734	-1
20160515	86	1883	1
20160516	93	1511	3
20160517	123	1647	0
20160518	136	1322	4
20160519	134	1156	2
20160520	137	870	5
20160521	179	1797	-1
20160522	155	672	153
20160523	120	579	184
20160524	114	1516	-1
20160525	118	619	1
20160526	137	2018	0
20160527	160	1855	0
20160528	176	1912	-1
20160529	172	922	4
20160530	162	499	66
20160531	182	1726	0
20160601	192	1726	15
20160602	153	622	-1
20160603	164	1160	-1
20160604	201	2095	5
20160605	200	2874	0
20160606	189	2955	0
20160607	201	2438	-1
20160608	161	2180	0
20160609	153	2959	0
20160610	164	2421	-1
20160611	162	1518	13
20160612	166	1111	33
20160613	159	1192	26
20160614	152	1170	224
20160615	146	1511	62
20160616	157	2111	26
20160617	151	1328	40
20160618	141	1559	11
20160619	153	1973	-1
20160620	155	429	182
20160621	170	899	39
20160622	201	2151	0
20160623	220	1647	495
20160624	192	1394	7
20160625	154	1149	14
20160626	149	1267	190
20160627	149	1050	23
20160628	167	2039	50
20160629	160	1690	16
20160630	164	860	76
20160701	169	816	22
20160702	154	2224	15
20160703	147	1872	178
20160704	170	2559	0
20160705	154	1107	19
20160706	149	2504	5
20160707	168	2082	0
20160708	175	973	47
20160709	197	1800	0
20160710	213	2320	0
20160711	186	1663	0
20160712	166	1551	99
20160713	145	1261	42
20160714	145	1921	0
20160715	166	2270	0
20160716	197	1143	0
20160717	198	2018	-1
20160718	202	2749	0
20160719	228	2714	0
20160720	254	2308	0
20160721	218	2368	0
20160722	211	1734	117
20160723	211	1911	0
20160724	207	1635	0
20160725	182	1123	5
20160726	184	1494	0
20160727	179	1230	64
20160728	190	1863	5
20160729	183	1083	38
20160730	177	909	72
20160731	170	1608	2
20160801	165	1883	68
20160802	166	614	83
20160803	190	929	19
20160804	173	1096	-1
20160805	176	2066	0
20160806	164	1601	64
20160807	184	974	0
20160808	172	1840	1
20160809	144	1692	74
20160810	128	1881	13
20160811	136	529	96
20160812	189	1047	16
20160813	176	1130	0
20160814	170	1464	0
20160815	161	2178	0
20160816	163	2302	0
20160817	172	2456	0
20160818	177	2361	0
20160819	181	1298	34
20160820	178	1653	54
20160821	167	962	145
20160822	180	894	32
20160823	210	2173	0
20160824	228	2187	0
20160825	243	2118	0
20160826	221	1904	0
20160827	216	1823	11
20160828	205	1371	4
20160829	172	1279	2
20160830	162	1992	0
20160831	174	1981	0
20160901	172	1137	0
20160902	166	1301	10
20160903	185	1371	10
20160904	179	994	28
20160905	173	1255	-1
20160906	177	1217	0
20160907	183	1881	0
20160908	196	1765	0
20160909	169	1606	0
20160910	184	1740	0
20160911	185	963	12
20160912	209	1733	0
20160913	235	1663	0
20160914	230	1664	0
20160915	226	1526	42
20160916	174	673	12
20160917	173	835	0
20160918	167	1189	0
20160919	144	798	0
20160920	145	1114	0
20160921	147	1367	0
20160922	138	1059	0
20160923	136	1462	-1
20160924	152	1436	0
20160925	163	1212	35
20160926	135	979	0
20160927	145	1431	0
20160928	187	1198	-1
20160929	159	291	27
20160930	145	989	-1
20161001	135	779	10
20161002	121	620	107
20161003	145	1124	-1
20161004	130	896	0
20161005	98	1339	0
20161006	94	938	0
20161007	118	568	0
20161008	110	856	-1
20161009	79	932	4
20161010	79	952	0
20161011	80	461	-1
20161012	89	467	0
20161013	91	509	0
20161014	99	809	47
20161015	107	264	41
20161016	133	1051	-1
20161017	121	607	2
20161018	102	350	117
20161019	88	703	134
20161020	85	293	9
20161021	76	681	2
20161022	67	486	0
20161023	48	914	0
20161024	71	373	0
20161025	87	262	0
20161026	95	518	-1
20161027	118	323	0
20161028	131	140	-1
20161029	96	659	0
20161030	87	594	0
20161031	85	749	0
20161101	81	248	2
20161102	72	636	42
20161103	67	486	6
20161104	76	273	27
20161105	69	391	31
20161106	61	365	51
20161107	42	156	17
20161108	19	402	15
20161109	30	128	37
20161110	40	200	139
20161111	18	602	2
20161112	20	422	8
20161113	27	127	17
20161114	31	191	39
20161115	108	80	35
20161116	119	254	56
20161117	93	258	120
20161118	60	265	7
20161119	58	385	-1
20161120	84	93	46
20161121	120	187	49
20161122	110	383	0
20161123	79	164	0
20161124	66	359	0
20161125	33	484	0
20161126	-1	396	0
20161127	56	258	-1
20161128	-3	466	0
20161129	-31	552	0
20161130	20	248	0
20161201	79	162	-1
20161202	52	172	9
20161203	-1	291	0
20161204	-14	450	0
20161205	-27	393	0
20161206	1	404	0
20161207	63	152	0
20161208	82	213	1
20161209	91	78	0
20161210	78	28	49
20161211	85	172	17
20161212	53	135	0
20161213	66	56	1
20161214	73	220	0
20161215	65	64	0
20161216	54	228	0
20161217	61	59	-1
20161218	62	159	0
20161219	43	262	0
20161220	-6	311	0
20161221	41	185	24
20161222	59	98	15
20161223	60	143	8
20161224	79	192	10
20161225	104	45	5
20161226	83	285	19
20161227	66	293	11
20161228	10	116	0
20161229	-22	144	-1
20161230	-11	169	-1
20161231	18	83	2
20170101	5	56	19
20170102	30	320	5
20170103	50	117	7
20170104	58	274	18
20170105	0	378	-1
20170106	-30	392	0
20170107	-2	61	52
20170108	43	121	0
20170109	48	62	48
20170110	53	192	38
20170111	72	254	5
20170112	52	222	143
20170113	31	332	96
20170114	18	194	51
20170115	7	292	0
20170116	-16	275	-1
20170117	-34	362	0
20170118	-38	214	-1
20170119	-20	570	0
20170120	-3	456	0
20170121	-2	503	0
20170122	-17	637	0
20170123	16	180	-1
20170124	8	152	3
20170125	-11	162	0
20170126	-28	480	0
20170127	8	429	0
20170128	54	329	-1
20170129	47	198	36
20170130	49	109	65
20170131	37	267	0
20170201	34	216	12
20170202	86	482	10
20170203	86	345	1
20170204	57	262	83
20170205	44	492	-1
20170206	43	205	0
20170207	24	123	25
20170208	0	87	2
20170209	-16	142	-1
20170210	-23	149	2
20170211	-4	203	45
20170212	7	538	3
20170213	22	820	0
20170214	38	826	0
20170215	74	756	-1
20170216	68	277	5
20170217	70	297	6
20170218	56	657	0
20170219	62	225	6
20170220	91	156	53
20170221	96	720	3
20170222	95	111	175
20170223	80	163	145
20170224	45	825	6
20170225	58	336	7
20170226	87	173	21
20170227	87	199	138
20170228	47	461	28
20170301	63	641	35
20170302	66	323	84
20170303	59	433	11
20170304	92	494	61
20170305	69	741	38
20170306	60	731	23
20170307	67	493	1
20170308	59	151	137
20170309	77	681	1
20170310	65	1202	0
20170311	73	886	0
20170312	79	1356	0
20170313	65	1111	0
20170314	88	998	0
20170315	90	1358	0
20170316	94	1424	0
20170317	83	891	57
20170318	97	262	62
20170319	113	316	2
20170320	103	238	94
20170321	75	1370	-1
20170322	63	1441	0
20170323	82	1618	0
20170324	84	1677	0
20170325	85	1649	0
20170326	80	1382	0
20170327	92	1798	0
20170328	113	1701	1
20170329	126	500	-1
20170330	157	1338	0
20170331	145	1212	14
20170401	108	596	-1
20170402	103	1709	0
20170403	81	1106	0
20170404	98	1406	0
20170405	92	1270	0
20170406	81	942	-1
20170407	105	953	0
20170408	96	1365	0
20170409	117	2091	0
20170410	98	1301	0
20170411	96	1560	0
20170412	98	616	8
20170413	93	1538	-1
20170414	99	807	-1
20170415	96	1306	34
20170416	79	1127	29
20170417	65	1643	86
20170418	61	1745	-1
20170419	39	1523	0
20170420	69	2188	0
20170421	111	992	8
20170422	78	1524	6
20170423	66	1366	1
20170424	93	958	27
20170425	59	1824	20
20170426	50	1821	3
20170427	61	1905	2
20170428	76	1324	19
20170429	76	1829	-1
20170430	123	2347	0
20170501	117	872	9
20170502	100	925	47
20170503	107	842	35
20170504	104	1453	-1
20170505	89	702	-1
20170506	128	2430	0
20170507	117	1233	0
20170508	97	1449	-1
20170509	80	1791	0
20170510	90	2393	0
20170511	154	2408	3
20170512	155	1248	125
20170513	140	1250	100
20170514	134	1792	19
20170515	149	2345	-1
20170516	204	1521	-1
20170517	223	2291	0
20170518	165	1128	3
20170519	136	822	1
20170520	125	2101	12
20170521	144	2230	0
20170522	176	2615	0
20170523	161	2560	0
20170524	159	2171	0
20170525	174	2832	0
20170526	203	2898	0
20170527	229	2826	0
20170528	205	2612	0
20170529	219	2279	3
20170530	183	1517	0
20170531	174	2231	0
20170601	166	2927	0
20170602	198	2274	0
20170603	184	1790	21
20170604	154	2386	0
20170605	171	2048	0
20170606	141	1034	105
20170607	140	1051	51
20170608	168	1770	3
20170609	165	1619	212
20170610	178	2418	0
20170611	199	1965	-1
20170612	161	939	-1
20170613	163	2103	0
20170614	174	2995	0
20170615	200	2538	0
20170616	162	1332	0
20170617	186	1659	0
20170618	208	2607	0
20170619	236	2883	0
20170620	216	2392	0
20170621	214	2643	0
20170622	229	2226	13
20170623	196	2113	0
20170624	171	371	55
20170625	175	815	46
20170626	168	2441	0
20170627	173	1624	28
20170628	180	613	31
20170629	175	1276	1
20170630	162	1062	42
20170701	161	874	69
20170702	156	1654	6
20170703	166	1956	10
20170704	186	2048	-1
20170705	190	1919	0
20170706	199	2191	170
20170707	206	2189	-1
20170708	186	1570	-1
20170709	172	2711	0
20170710	196	1948	1
20170711	177	1095	33
20170712	149	1085	268
20170713	146	1763	0
20170714	142	1396	176
20170715	172	1550	-1
20170716	186	931	12
20170717	186	2859	-1
20170718	199	2623	0
20170719	235	1972	1
20170720	191	1394	210
20170721	182	2746	0
20170722	194	1888	35
20170723	160	1429	112
20170724	161	2152	25
20170725	167	1229	83
20170726	190	2221	1
20170727	185	1676	-1
20170728	172	1490	17
20170729	182	808	76
20170730	188	1761	14
20170731	181	1827	-1
20170801	178	1409	0
20170802	176	1286	30
20170803	190	1635	17
20170804	183	1948	6
20170805	159	1360	18
20170806	158	1869	0
20170807	168	2334	0
20170808	162	520	65
20170809	167	1736	-1
20170810	157	952	24
20170811	167	1631	2
20170812	168	1060	44
20170813	162	1860	0
20170814	179	2118	0
20170815	179	751	15
20170816	176	1584	0
20170817	173	519	23
20170818	169	882	62
20170819	154	1446	104
20170820	158	1816	-1
20170821	159	1034	0
20170822	182	1942	0
20170823	196	1786	0
20170824	179	1360	-1
20170825	169	1891	0
20170826	182	1739	0
20170827	178	1871	0
20170828	187	1958	0
20170829	210	1687	15
20170830	178	530	88
20170831	144	1336	20
20170901	147	1193	3
20170902	133	1519	0
20170903	130	1493	0
20170904	158	1585	0
20170905	186	795	6
20170906	159	1107	37
20170907	156	850	28
20170908	151	268	172
20170909	132	979	125
20170910	139	1254	9
20170911	141	921	95
20170912	146	1522	1
20170913	141	1243	125
20170914	117	647	207
20170915	125	1165	41
20170916	106	546	139
20170917	108	1274	-1
20170918	120	1081	8
20170919	120	1052	-1
20170920	135	841	6
20170921	134	1277	0
20170922	119	784	8
20170923	109	1422	0
20170924	121	1408	0
20170925	142	766	0
20170926	132	792	0
20170927	136	1108	0
20170928	158	652	11
20170929	171	1018	166
20170930	131	296	24
20171001	141	727	-1
20171002	156	648	6
20171003	136	906	16
20171004	130	542	28
20171005	129	802	252
20171006	116	912	32
20171007	122	204	159
20171008	121	604	1
20171009	121	138	104
20171010	143	360	3
20171011	148	413	2
20171012	134	809	2
20171013	153	512	0
20171014	148	995	0
20171015	158	1004	0
20171016	186	881	0
20171017	129	382	0
20171018	137	827	0
20171019	157	798	-1
20171020	137	330	73
20171021	132	581	5
20171022	108	461	132
20171023	126	580	1
20171024	153	152	8
20171025	142	302	-1
20171026	140	522	0
20171027	118	685	4
20171028	124	227	16
20171029	107	593	10
20171030	83	665	-1
20171031	101	208	-1
20171101	112	290	0
20171102	98	419	-1
20171103	88	255	5
20171104	106	430	30
20171105	78	413	48
20171106	48	596	4
20171107	33	663	0
20171108	59	151	0
20171109	87	357	14
20171110	92	316	29
20171111	66	202	37
20171112	52	191	74
20171113	62	529	13
20171114	77	217	4
20171115	94	107	23
20171116	93	78	18
20171117	56	423	0
20171118	69	217	50
20171119	67	419	19
20171120	78	63	97
20171121	115	51	13
20171122	114	340	13
20171123	111	142	8
20171124	69	241	16
20171125	37	256	2
20171126	53	334	57
20171127	67	75	152
20171128	54	220	9
20171129	29	107	1
20171130	15	202	6
20171201	0	171	-1
20171202	-4	127	-1
20171203	37	87	20
20171204	70	159	25
20171205	76	78	0
20171206	80	97	0
20171207	59	41	78
20171208	26	111	154
20171209	21	142	125
20171210	11	36	128
20171211	-1	50	98
20171212	18	310	5
20171213	40	56	138
20171214	33	93	150
20171215	26	94	2
20171216	27	238	14
20171217	25	324	49
20171218	59	138	8
20171219	52	166	-1
20171220	75	76	3
20171221	84	75	3
20171222	86	94	25
20171223	87	46	-1
20171224	82	65	7
20171225	74	76	4
20171226	58	208	12
20171227	51	84	73
20171228	39	291	7
20171229	28	104	67
20171230	88	111	37
20171231	106	85	393
